507
988
352
975
337
907
918
928
834
643
83
394
542
825
355
814
272
377
833
144
497
863
631
140
958
268
703
93
711
145
415
48
366
198
964
845
511
361
967
891
540
246
195
995
542
932
394
834
866
257
176
980
850
183
610
280
452
95
961
42
1000
841
240
199
369
513
601
837
422
807
989
688
121
65
673
53
683
992
746
352
481
816
685
726
243
645
299
495
71
847
806
651
90
193
470
232
797
11
526
293
213
302
326
960
222
888
719
314
976
638
451
491
907
341
103
39
361
257
818
518
372
436
335
659
804
958
740
943
566
921
90
586
690
595
759
863
108
555
386
90
938
314
158
12
122
622
628
371
329
782
382
525
776
540
769
758
198
517
264
233
78
288
84
533
103
646
924
20
68
818
163
459
980
971
544
778
537
898
340
967
443
966
165
596
166
903
39
469
764
333
990
280
332
778
693
963
852
6
130
919
595
227
871
815
649
406
95
682
616
616
373
111
205
115
739
465
595
889
111
250
729
915
83
31
515
517
295
658
226
296
481
271
130
779
685
913
183
595
258
784
512
583
852
136
593
818
645
945
264
115
497
497
766
558
54
290
733
39
758
117
254
996
593
63
924
514
56
3
695
366
124
612
473
282
836
77
355
974
167
359
377
591
796
167
655
95
892
570
716
117
550
620
360
71
736
637
196
211
110
916
76
746
302
220
100
76
20
638
855
806
528
953
707
738
412
662
417
739
171
791
505
952
787
98
12
495
570
625
635
895
621
13
524
225
664
218
509
37
680
577
617
958
325
57
974
405
245
56
111
856
763
213
436
147
553
230
236
236
910
621
299
489
696
701
597
192
889
226
416
424
241
724
124
519
446
990
780
52
157
366
289
112
457
632
392
568
723
155
651
191
733
920
46
210
413
722
756
719
8
502
542
946
103
263
169
152
359
434
776
380
357
857
207
122
484
800
463
992
643
515
163
407
546
924
244
318
945
175
536
186
745
18
981
37
763
50
563
650
92
207
780
609
226
278
65
997
919
111
998
166
76
733
541
901
949
37
327
198
185
694
885
321
575
56
191
484
424
588
146
893
498
186
936
768
325
685
964
437
178
107
701
179
128
409
393
677
395
943
33
530
71
105
561
359
828
285
686
951
587
88
782
211
706
679
818
742
366
121
177
891
446
982
279
306
205
244
105
413
698
274
166
397
947
737
22
691
726
777
302
740
934
639
200
205
987
226
734
246
711
919
463
382
815
789
410
573
316
119
663
559
364
459
619
867
801
857
245
579
930
380
473
683
110
499
263
605
275
676
995
277
262
494
953
333
254
467
282
110
716
118
470
823
326
386
163
534
647
36
200
670
368
428
959
861
668
965
565
768
504
952
827
255
326
6
565
571
583
75
221
365
976
75
215
110
909
250
506
680
381
212
999
63
437
107
334
57
230
636
454
136
245
674
860
642
31
536
71
737
397
212
476
794
478
994
234
386
465
316
197
797
853
669
707
806
689
345
844
896
266
669
156
105
241
68
478
500
753
658
82
464
918
922
528
487
229
131
109
550
138
245
967
15
766
820
536
4
205
386
576
224
889
2
652
256
486
550
153
746
602
671
249
472
975
925
751
586
288
743
49
83
433
777
270
865
838
652
806
112
708
333
900
654
322
916
858
412
512
716
467
252
169
908
783
253
727
181
885
485
810
905
566
155
105
19
354
105
522
992
294
829
736
382
866
484
106
913
276
973
262
218
508
838
279
347
863
968
349
313
682
336
958
324
522
50
128
720
275
813
594
525
969
195
879
814
100
713
408
592
514
439
923
642
269
430
413
777
304
425
618
619
953
127
426
174
708
669
287
6
470
192
363
133
837
74
434
760
328
732
602
380
5
551
859
462
441
841
796
713
794
791
459
647
451
51
210
415
239
253
861
260
875
137
459
445
327
3
31
445
23
93
876
521
96
694
849
508
617
266
557
108
802
191
983
799
304
368
71
779
587
762
908
12
991
305
619
741
892
195
949
224
200
603
510
758
647
999
772
199
888
521
570
74
13
288
356
846
160
741
282
276
167
352
367
519
274
45
388
395
385
922
386
824
309
717
214
5
706
67
904
643
57
817
446
369
830
73
961
739
84
183
390
849
149
312
666
575
611
548
573
833
615
174
983
530
658
44
558
547
811
842
900
690
391
457
634
435
468
914
735
147
911
16
291
62
735
119
232
538
753
753
43
279
833
975
229
406
735
700
194
168
780
596
601
186
258
699
783
947
998
586
368
839
235
649
139
409
63
680
706
463
