0.158
0.843
0.4
0.099
0.788
0.152
0.247
0.803
0.373
0.312
0.819
0.444
0.706
0.487
0.03
0.585
0.512
0.857
0.948
0.665
0.09
0.837
0.552
0.341
0.896
0.711
0.688
0.856
0.834
0.042
0.814
0.648
0.735
0.867
0.042
0.108
0.792
0.04
0.486
0.158
0.726
0.513
0.226
0.863
0.323
0.486
0.502
0.794
0.466
0.542
0.338
0.199
0.786
0.082
0.657
0.083
0.028
0.283
0.738
0.894
0.064
0.928
0.958
0.002
0.135
0.516
0.591
0.559
0.7
0.057
0.974
0.453
0.558
0.12
0.495
0.684
0.262
0.927
0.931
0.998
0.04
0.745
0.957
0.741
0.152
0.341
0.178
0.675
0.56
0.028
0.691
0.424
0.62
0.32
0.16
0.706
0.797
0.396
0.089
0.762
0.222
0.216
0.665
0.408
0.528
0.532
0.426
0.4
0.344
0.958
0.58
0.893
0.739
0.519
0.215
0.598
0.819
0.656
0.711
0.898
0.729
0.697
0.887
0.056
0.809
0.311
0.434
0.425
0.506
0.143
0.407
0.579
0.018
0.674
0.98
0.851
0.264
0.82
0.026
0.906
0.056
0.028
0.929
0.825
0.662
0.485
0.245
0.911
0.599
0.379
0.591
0.347
0.779
0.123
0.958
0.556
0.758
0.917
0.781
0.454
0.301
0.079
0.434
0.837
0.796
0.538
0.61
0.508
0.959
0.139
0.867
0.598
0.957
0.365
0.455
0.73
0.058
0.919
0.614
0.745
0.699
0.893
0.07
0.592
0.725
0.055
0.75
0.893
0.351
0.283
0.445
0.481
0.56
0.494
0.994
0.3
0.231
0.116
0.94
0.163
0.29
0.4
0.488
0.871
0.418
0.051
0.598
0.147
0.236
0.78
0.689
0.133
0.399
0.398
0.998
0.566
0.58
0.237
0.958
0.331
0.415
0.462
0.345
0.948
0.409
0.895
0.938
0.909
0.642
0.482
0.603
0.459
0.034
0.127
0.639
0.374
0.83
0.478
0.189
0.938
0.534
0.144
0.893
0.342
0.563
0.245
0.899
0.613
0.098
0.979
0.039
0.797
0.328
0.623
0.423
0.478
0.411
0.745
0.899
0.536
0.545
0.129
0.468
0.072
0.719
0.317
0.338
0.596
0.64
0.872
0.855
0.858
0.506
0.57
0.966
0.324
0.697
0.393
0.429
0.806
0.42
0.582
0.047
0.385
0.811
0.428
0.19
0.397
0.168
0.874
0.865
0.481
0.954
0.134
0.354
0.606
0.424
0.323
0.331
0.721
0.044
0.296
0.122
0.453
0.124
0.817
0.462
0.5
0.328
0.149
0.618
0.895
0.174
0.058
0.475
0.598
0.359
0.042
0.289
0.237
0.992
0.425
0.188
0.367
0.253
0.006
0.272
0.245
0.526
0.228
0.601
0.56
0.028
0.257
0.497
0.768
0.479
0.229
0.011
0.919
0.508
0.987
0.622
0.541
0.344
0.672
0.106
0.865
0.46
0.481
0.438
0.917
0.349
0.822
0.232
0.706
0.305
0.364
0.012
0.622
0.807
0.44
0.273
0.174
0.435
0.581
0.428
0.029
0.885
0.238
0.042
0.682
0.379
0.913
0.505
0.493
0.788
0.299
0.692
0.139
0.868
0.112
0.653
0.917
0.701
0.303
0.806
0.036
0.406
0.866
0.778
0.123
0.199
0.271
0.642
0.919
0.609
0.255
0.294
0.682
0.651
0.379
0.294
0.555
0.782
0.494
0.847
0.677
0.909
0.857
0.397
0.105
0.104
0.01
0.789
0.318
0.723
0.444
0.712
0.96
0.385
0.364
0.177
0.296
0.185
0.008
0.094
0.198
0.893
0.943
0.113
0.145
0.083
0.163
0.649
0.692
0.686
0.714
0.604
0.863
0.014
0.536
0.516
0.555
0.981
0.45
0.437
0.395
0.011
0.574
0.97
0.659
0.455
0.61
0.403
0.759
0.696
0.19
0.102
0.827
0.189
0.607
0.075
0.299
0.39
0.124
0.475
0.186
0.283
0.091
0.89
0.558
0.385
0.079
0.026
0.513
0.164
0.265
0.592
0.324
0.853
0.52
0.165
0.918
0.72
0.173
0.75
0.562
0.487
0.593
0.28
0.983
0.58
0.758
0.4
0.72
0.257
0.648
0.272
0.606
0.82
0.733
0.041
0.353
0.305
0.981
0.48
0.708
0.44
0.395
0.721
0.504
0.986
0.417
0.877
0.085
0.578
0.393
0.608
0.223
0.998
0.218
0.761
0.282
0.903
0.566
0.474
0.42
0.372
0.335
0.298
0.855
0.709
0.246
0.843
0.272
0.121
0.475
0.403
0.303
0.639
0.57
0.818
0.139
0.671
0.812
0.69
0.772
0.702
0.697
0.594
0.483
0.936
0.044
0.771
0.194
0.01
0.81
0.451
0.957
0.726
0.051
0.596
0.086
0.429
0.961
0.85
0.552
0.045
0.55
0.062
0.581
0.14
0.952
0.887
0.686
0.838
0.343
0.858
0.568
0.21
0.844
0.609
0.496
0.929
0.347
0.239
0.347
0.102
0.707
0.561
0.368
0.338
0.349
0.553
0.107
0.162
0.459
0.953
0.611
0.451
0.522
0.319
0.37
0.23
0.258
0.917
0.771
0.052
0.016
0.166
0.798
0.453
0.901
0.433
0.984
0.464
0.46
0.877
0.136
0.705
0.157
0.212
0.697
0.232
0.358
0.022
0.804
0.792
0.865
0.253
0.05
0.488
0.926
0.571
0.249
0.404
0.847
0.597
0.326
0.011
0.228
0.845
0.143
0.524
0.588
0.243
0.711
0.259
0.966
0.189
0.63
0.936
0.773
0.753
0.124
0.034
0.437
0.023
0.271
0.724
0.798
0.239
0.693
0.116
0.741
0.958
0.182
0.436
0.025
0.99
0.103
0.619
0.891
0.538
0.557
0.398
0.209
0.235
0.875
0.859
0.954
0.466
0.408
0.685
0.249
0.756
0.71
0.694
0.035
0.307
0.79
0.937
0.2
0.798
0.53
0.834
0.039
0.244
0.022
0.928
0.228
0.071
0.373
0.538
0.556
0.352
0.635
0.993
0.642
0.526
0.341
0.508
0.004
0.561
0.5
0.472
0.89
0.263
0.499
0.784
0.437
0.7
0.106
0.265
0.664
0.092
0.522
0.212
0.973
0.608
0.415
0.039
0.191
0.9
0.607
0.282
0.92
0.821
0.328
0.568
0.312
0.482
0.447
0.642
0.353
0.771
0.72
0.047
0.725
0.272
0.191
0.907
0.284
0.71
0.818
0.466
0.234
0.495
0.606
0.255
0.922
0.392
0.168
0.14
0.565
0.976
0.092
0.812
0.095
0.63
0.967
0.158
0.119
0.324
0.277
0.279
0.635
0.856
0.976
0.416
0.065
0.916
0.126
0.549
0.445
0.05
0.145
0.222
0.935
0.673
0.959
0.947
0.734
0.91
0.82
0.199
0.17
0.641
0.2
0.869
0.133
0.356
0.689
0.54
0.273
0.154
0.039
0.666
0.223
0.804
0.722
0.156
0.294
0.819
0.209
0.474
0.821
0.379
0.706
0.17
0.632
0.761
0.779
0.495
0.62
0.234
0.055
0.662
0.858
0.341
0.882
0.181
0.697
0.842
0.458
0.776
0.673
0.953
0.714
0.23
0.049
0.949
0.668
0.059
0.818
0.726
0.3
0.213
0.344
0.664
0.311
0.796
0.448
0.795
0.266
0.499
0.096
0.487
0.275
0.105
0.706
0.439
0.537
0.508
0.805
0.334
0.102
0.654
0.598
0.666
0.523
0.902
0.119
0.682
0.437
0.824
0.552
0.643
0.356
0.005
0.602
0.342
0.318
0.747
0.048
0.87
0.384
0.566
0.317
0.25
0.441
0.821
0.234
0.273
0.61
0.62
0.115
0.752
0.437
0.861
0.316
0.967
0.043
0.929
0.287
0.349
0.241
0.785
0.44
0.898
0.937
0.688
0.713
0.989
0.008
0.293
0.633
0.091
0.853
0.011
0.725
0.33
0.737
0.024
0.919
0.964
0.58
0.152
0.623
0.054
0.342
0.962
0.088
0.185
0.605
0.596
0.314
0.258
0.579
0.71
0.436
0.464
0.74
0.875
0.217
0.072
0.442
0.781
0.082
0.837
0.105
0.627
0.58
0.319
0.628
0.159
0.319
0.504
0.645
0.8
0.121
0.057
0.374
0.134
0.423
0.025
0.201
0.223
0.789
0.107
0.799
0.393
0.269
0.2
0.27
0.422
0.616
0.321
0.865
0.3
0.353
0.956
0.944
0.862
0.331
0.546
0.179
0.039
0.187
0.095
0.486
0.475
0.153
0.941
0.108
0.839
0.182
0.318
0.396
